# JOB, 113 queries: speedup = plain time / time with indexes.
# Source: 2026-PGBootcamp/job-indexes/job-{plain,scan-index,join-index}.txt
# Each column sorted independently (rank plot), rank 1 = best.
rank scan join
1 13.0931 196.1921
2 6.5952 76.6789
3 4.2255 51.7828
4 3.3056 40.5162
5 2.8074 39.8796
6 2.6722 25.6315
7 2.6580 23.8975
8 2.2929 21.8826
9 2.1802 21.7604
10 2.0833 19.4759
11 2.0522 18.9961
12 1.9534 17.8457
13 1.6879 14.0354
14 1.6500 13.9154
15 1.5837 10.8567
16 1.5670 9.8637
17 1.5621 9.2139
18 1.4471 8.4021
19 1.4163 8.3567
20 1.3807 7.8013
21 1.3213 6.4830
22 1.3150 6.3201
23 1.2951 5.7931
24 1.2913 5.5823
25 1.2516 5.5600
26 1.2369 5.4562
27 1.2366 4.8685
28 1.2351 4.7164
29 1.2081 4.5357
30 1.2067 4.3131
31 1.2063 4.2207
32 1.1982 4.0318
33 1.1743 3.9287
34 1.1678 3.5989
35 1.1510 3.3580
36 1.1483 3.2815
37 1.1052 3.1373
38 1.0892 3.0758
39 1.0733 3.0211
40 1.0712 2.9630
41 1.0685 2.8275
42 1.0552 2.7319
43 1.0332 2.4316
44 1.0293 2.4166
45 1.0284 2.2876
46 1.0208 2.2355
47 1.0199 2.1623
48 1.0144 2.1048
49 1.0127 2.0410
50 0.9979 1.9894
51 0.9912 1.9554
52 0.9911 1.9444
53 0.9896 1.9315
54 0.9882 1.8500
55 0.9831 1.8162
56 0.9809 1.7875
57 0.9786 1.7410
58 0.9763 1.7265
59 0.9759 1.7111
60 0.9739 1.6303
61 0.9738 1.6000
62 0.9735 1.5776
63 0.9723 1.5361
64 0.9686 1.5307
65 0.9664 1.4674
66 0.9615 1.4116
67 0.9574 1.4074
68 0.9533 1.3664
69 0.9513 1.3607
70 0.9501 1.3227
71 0.9446 1.2955
72 0.9290 1.2625
73 0.9288 1.2176
74 0.9219 1.1859
75 0.9204 1.1839
76 0.9180 1.1641
77 0.9176 1.1374
78 0.9008 1.1067
79 0.8951 1.0762
80 0.8770 1.0616
81 0.8566 1.0491
82 0.8550 1.0329
83 0.8535 1.0071
84 0.8521 1.0002
85 0.8473 0.9997
86 0.8363 0.9888
87 0.8347 0.9861
88 0.8229 0.9643
89 0.8227 0.9118
90 0.8218 0.9083
91 0.8164 0.9041
92 0.8149 0.8729
93 0.8140 0.8715
94 0.8120 0.8602
95 0.7930 0.8402
96 0.7917 0.8192
97 0.7840 0.8036
98 0.7500 0.7852
99 0.7439 0.7708
100 0.7378 0.7691
101 0.7246 0.7563
102 0.7168 0.7190
103 0.6902 0.7073
104 0.6584 0.6540
105 0.6450 0.6436
106 0.6366 0.6401
107 0.6254 0.6376
108 0.6049 0.6341
109 0.5424 0.4378
110 0.5402 0.3331
111 0.5342 0.1802
112 0.4632 0.0678
113 0.4289 0.0661
